1.835617881989353459e-04
1.846608426001296538e-04
1.862931027822276617e-04
1.884390086482276583e-04
1.910844661469791460e-04
1.942562476711375506e-04
1.979218857092819226e-04
2.020822361518722482e-04
2.067578750993429373e-04
2.119452891712253267e-04
2.176543745017303947e-04
2.238454423772366988e-04
2.305516410320291980e-04
2.377669707124505658e-04
2.454800004502204962e-04
2.537109470969630114e-04
2.624332862947913268e-04
2.717024248836972036e-04
2.814642558035764961e-04
2.917449771844686274e-04
3.025142339600358989e-04
3.137479480212472418e-04
3.254881118227995803e-04
3.377473796696472334e-04
3.505086651359614713e-04
3.637793057269022917e-04
3.775470125097375447e-04
3.918019633998542483e-04
4.065819237073613483e-04
4.219014292753624608e-04
4.376856143498553792e-04
4.539967407605894462e-04
4.707674345876440027e-04
4.880894794545250544e-04
5.058867687459584796e-04
5.241417813410339686e-04
5.429031005726494543e-04
5.621815729239945181e-04
5.819623106866170540e-04
6.022286782160069093e-04
6.230225916661519302e-04
6.442304721639292419e-04
6.660237356465668456e-04
6.948415605426056831e-04
7.330487660252380661e-04
7.598202110703201027e-04
7.952887837732673226e-04
8.206327257258947024e-04
8.546789947586766814e-04
8.957416000323231188e-04
