3.955464148269727774e-03
3.955174773582760019e-03
3.954894195599007942e-03
3.954623971766264671e-03
3.954357871890202755e-03
3.954104032214002251e-03
3.953856516394441481e-03
3.953617066534039111e-03
3.953385162241596258e-03
3.953160736231265890e-03
3.952943815586106892e-03
3.952731339684785634e-03
3.952527556579410115e-03
3.952331658633892984e-03
3.952139522134966686e-03
3.951955728891600773e-03
3.951777239130007530e-03
3.951605311631800621e-03
3.951437029377263994e-03
3.951276601233500579e-03
3.951120966061580364e-03
3.950970570356580371e-03
3.950825572893512834e-03
3.950684552959403406e-03
3.950550194093309722e-03
3.950419119375631061e-03
3.950294153929185398e-03
3.950173338502886711e-03
3.950054770374613645e-03
3.949942486131045698e-03
3.949833827622277818e-03
3.949729268661768093e-03
3.949630038209959483e-03
3.949532676767323128e-03
3.949440532269489143e-03
3.949349407309597076e-03
3.949263273534397121e-03
3.949182609554912488e-03
3.949103189992162442e-03
3.949026791742069921e-03
3.948954193996793635e-03
3.948883643223365450e-03
3.948815853083315411e-03
3.948752512368049715e-03
3.948692443048842579e-03
3.948632704806318006e-03
3.948576207269076550e-03
3.948522957148932477e-03
3.948472648105077164e-03
3.948423062043874762e-03