8.000340129669525216e-04
8.007591260785442604e-04
8.282625333417037742e-04
8.320665257680950888e-04
8.165557903645656286e-04
8.833388417690149572e-04
8.431825104260766684e-04
8.329018119406831309e-04
8.381549356666221154e-04
8.301110424871253847e-04
8.287074120885025690e-04
8.305104531707537593e-04
8.300244307889442915e-04
8.445298735174591081e-04
8.444181203233693152e-04
8.559761267951149265e-04
8.671004720449185504e-04
8.526796486515869373e-04
8.635905802661871140e-04
8.763739841699652025e-04
8.935978491710871692e-04
9.072852728721835869e-04
9.271429986519410301e-04
9.520521016511513616e-04
9.737664696767831841e-04
1.000936097944526634e-03
1.031286615464166792e-03
9.830011716179772648e-04
9.919298688237079744e-04
1.010846790396990836e-03
1.035822982319827305e-03
1.065407410670455961e-03
1.098109986595109970e-03
1.133210731537153499e-03
1.168693354192723273e-03
1.202020696958825330e-03
1.245992214804618123e-03
1.119172881553588683e-03
1.133601887117494838e-03
1.159093321315852326e-03
1.182493070991300034e-03
1.215776804048277621e-03
1.251252506799546997e-03
1.285119731286798192e-03
1.316580547066571868e-03
1.356743241442351236e-03
1.402444363584937634e-03
1.297431547921254306e-03
1.326105220879786849e-03
1.356279842818161564e-03
1.387837818210685241e-03
