3.941805435250361409e-03
3.941976674677832512e-03
3.942143115779716926e-03
3.942308306781675854e-03
3.942467290011805216e-03
3.942625711682993736e-03
3.942781306929370178e-03
3.942933644883770544e-03
3.943083550567821373e-03
3.943231768088674427e-03
3.943376472702167512e-03
3.943517487600971434e-03
3.943656163237978934e-03
3.943794176334054595e-03
3.943928575408703514e-03
3.944064196413096454e-03
3.944193514053220481e-03
3.944319497788790173e-03
3.944444934144159670e-03
3.944568698748993421e-03
3.944688141948341983e-03
3.944806259096138128e-03
3.944922422429085647e-03
3.945037160909339868e-03
3.945147790358720721e-03
3.945257578798583471e-03
3.945366035150280754e-03
3.945471956549551247e-03
3.945575882649680552e-03
3.945678271032255872e-03
3.945778937781851785e-03
3.945874112826530493e-03
3.945971371191808567e-03
3.946066136482423263e-03
3.946157506167266571e-03
3.946247506376152764e-03
3.946337315040179990e-03
3.946424802622682318e-03
3.946509544736704483e-03
3.946593195682595104e-03
3.946675721601769840e-03
3.946756940687549606e-03
3.946836945328918884e-03
3.946913474082221207e-03
3.946990956958280894e-03
3.947065341143408262e-03
3.947139146557290292e-03
3.947211232192615778e-03
3.947280303579527028e-03
3.947349623784898905e-03
3.947416891890867183e-03